2451545.000000000 = A.D. 2000-Jan-01 12:00:00.0000 TDB
 EC= 1.670236222428361E-02 QR= 9.832941246933447E-01 IN= 1.034624342994112E-04
 OM= 1.402921798841513E+02 W = 3.226257524989104E+02 Tp=        2.490625193895
 N = 9.856144489696432E-01 MA= 3.575452038219296E+02 TA= 3.574614823165164E+02
 A = 9.999964272441664E-01 AD= 1.016698729794988E+00 PR= 3.652543856031558E+02